6
1
5
13
99
1
66
1
3
1
22
17
1
34
84
61
83
75
14
124
39
15
26
6
2
7
5
49
81
110
28
51
102
89
78
28
1
97
5
3
1
13
49
121
1
67
65
4
11
27
5
65
33
34
65
5
2
11
77
28
23
13
92
49
10
5
45
65
33
65
66
33
111
115
74
43
103
13
5
2
8
27
37
17
97
2
3
2
8
33
74
124
71
45
94
50
117
33
9
57
1
35
3
2
18
17
9
97
49
43
26
58
106
67
50
76
39
48
25
50
109
75
34
65
49
3
1
66
75
2
19
5
65
35
65
1
121
43
5
41
2
67
1
12
26
29
9
57
113
35
3
2
25
17
5
49
1
75
93
51
101
75
26
76
33
65
71
14
3
13
77
35
40
47
27
56
104
21
9
65
2
2
3
5
30
1
9
69
9
21
33
3
22
3
9
65
8
5
3
5
32
1
9
85
13
17
34
1
33
3
5
73
88
35
65
17
17
5
29
17
19
66
65
18
9
5
13
73
101
14
30
5
9
75
1
17
9
18
41
65
5
67
5
17
17
16
9
5
9
79
1
17
41
26
33
67
1
81
5
9
33
48
70
1
42
33
9
57
33
38
3
2
44
17
9
57
33
105
92
56
109
75
6
116
7
2
67
23
1
5
35
5
11
17
66
21
2
5
105
4
3
34
66
24
1
9
3
1
20
65
2
31
106
93
38
36
104
8
6
3
50
103
81
42
4
67
1
26
1
27
5
17
1
34
66
10
47
1
4
41
2
34
66
16
47
1
4
9
3
34
66
20
47
1
4
73
3
98
66
28
1
3
3
37
9
1
79
1
5
71
62
4
24
16
6
3
50
115
105
90
4
98
66
10
55
33
3
5
13
33
6
5
8
63
89
2
10
17
49
1
34
17
29
57
99
7
37
65
65
2
37
66
113
33
16
1
18
2
19
5
97
40
1
8
100
95
66
76
72
5
90
51
103
67
86
100
71
15
74
25
22
3
125
82
35
33
6
33
44
3
5
3
34
65
81
36
14
3
13
83
33
1
82
35
2
19
85
116
55
13
91
51
100
87
22
36
39
66
1
36
9
3
41
9
103
78
92
56
117
67
82
76
119
78
92
5
3
17
14
19
17
35
30
56
100
81
22
28
55
46
26
51
87
67
74
76
23
77
92
50
102
17
29
81
5
33
37
65
5
2
45
11
97
98
89
56
113
115
18
34
87
77
90
49
118
89
82
36
35
39
70
1
77
85
9
9
3
9
67
4
79
1
69
5
73
17
65
40
2
29
13
124
7
47
31
19
101
75
26
12
87
15
28
59
37
103
85
9
1
75
11
2
42
1
34
57
33
11
65
65
1
10
3
26
22
33
4
57
115
95
18
44
56
13
30
41
115
75
26
76
7
48
70
1
85
33
9
41
38
44
68
1
87
21
9
57
6
44
1
3
109
67
58
60
39
34
65
45
2
9
41
12
103
47
89
5
3
53
89
67
113
1
24
1
2
2
19
5
1
37
1
7
113
101
62
36
87
111
25
59
66
101
38
36
24
16
67
4
95
1
5
5
73
17
65
48
2
29
65
20
120
14
90
59
100
105
22
99
87
45
92
51
111
105
82
17
1
109
25
9
3
15
5
76
33
65
25
5
3
7
5
115
23
16
67
4
101
59
6
5
9
25
65
17
2
7
97
36
19
7
67
4
103
1
5
5
73
17
73
52
2
31
65
20
120
14
90
59
100
105
38
35
88
77
93
49
117
95
74
44
18
1
27
9
4
83
50
4
87
34
1
54
11
5
45
68
17
65
67
50
112
89
50
44
55
13
94
53
112
93
38
17
81
78
27
2
9
19
82
44
39
47
25
59
112
101
34
57
113
14
65
65
1
10
3
1
24
1
67
50
98
93
22
11
88
47
25
55
21
5
37
10
8
98
2
51
111
3
3
5
13
1
25
5
8
103
2
9
9
17
34
17
117
3
33
65
23
109
29
53
68
95
18
44
71
35
65
17
9
15
89
4
17
17
33
67
33
111
6
65
65
111
92
42
117
101
38
116
119
13
70
1
85
17
29
73
8
33
33
65
5
66
105
12
97
33
90
57
118
67
50
28
72
67
65
21
124
17
29
33
7
48
33
65
65
2
1
60
113
33
32
2
2
2
35
5
97
48
1
5
78
115
74
43
55
109
28
58
101
33
9
17
116
80
2
5
2
5
5
5
9
18
65
65
1
39
17
121
24
49
65
8
17
17
5
21
17
49
66
11
34
83
69
106
33
33
97
2
11
7
5
37
1
34
65
4
115
107
58
36
24
46
92
51
10
9
5
53
17
113
1
2
18
3
10
28
72
79
93
49
100
105
26
43
104
110
25
59
106
95
58
28
4
66
66
24
0
9
3
9
9
2
70
1
127
17
29
49
120
48
33
65
5
70
93
68
17
34
97
6
0
3
3
37
9
41
33
7
2
11
5
4
8
15
92
61
21
15
69
10
89
34
33
8
2
32
33
49
49
35
33
6
65
2
85
65
97
97
72
65
11
1
