6								6
1								1
5								5
61								61
97								97
1								1
66								66
1								1
3								3
1								1
22								22
17								17
1								1
34								34
84								84
61								61
83								83
75								75
14								14
124								124
39								39
15								15
26								26
6								6
2								2
7								7
5								5
49								49
81								81
110								110
28								28
51								51
102								102
89								89
78								78
28								28
1								1
97								97
5								5
3								3
1								1
13								13
49								49
121								121
1								1
67								67
65								65
4								4
11								11
27								27
5								5
65								65
33								33
34								34
65								65
5								5
2								2
11								11
77								77
28								28
23								23
13								13
92								92
49								49
10								10
5								5
45								45
65								65
33								33
65								65
66								66
33								33
111								111
115								115
74								74
43								43
103								103
13								13
5								5
2								2
8								8
27								27
37								37
17								17
97								97
2								2
3								3
2								2
8								8
33								33
74								74
124								124
71								71
45								45
94								94
50								50
117								117
33								33
9								9
57								57
1								1
35								35
3								3
2								2
18								18
17								17
9								9
97								97
49								49
43								43
26								26
58								58
106								106
67								67
50								50
76								76
39								39
48								48
25								25
50								50
109								109
75								75
34								34
65								65
49								49
3								3
1								1
66								66
75								75
2								2
19								19
5								5
65								65
35								35
65								65
1								1
121								121
43								43
5								5
41								41
2								2
67								67
1								1
12								12
26								26
29								29
9								9
57								57
113								113
35								35
3								3
2								2
25								25
17								17
5								5
49								49
1								1
75								75
93								93
51								51
101								101
75								75
26								26
76								76
33								33
65								65
71								71
14								14
3								3
13								13
77								77
35								35
40								40
47								47
27								27
56								56
104								104
21								21
9								9
65								65
2								2
2								2
3								3
5								5
30								30
1								1
9								9
69								69
9								9
21								21
33								33
3								3
22								22
3								3
9								9
65								65
8								8
5								5
67								67
3								3
32								32
1								1
17								17
5								5
1								1
37								37
1								1
4								4
61								61
83								83
58								58
76								76
71								71
79								79
16								16
11								11
3								3
67								67
13								13
2								2
34								34
65								65
9								9
1								1
14								14
3								3
9								9
65								65
81								81
97								97
5								5
16								16
65								65
2								2
85								85
65								65
113								113
33								33
10								10
1								1
2								2
2								2
19								19
5								5
97								97
37								37
1								1
3								3
100								100
95								95
66								66
76								76
72								72
67								67
65								65
17								17
40								40
17								17
29								29
25								25
66								66
5								5
37								37
65								65
65								65
2								2
85								85
65								65
113								113
33								33
11								11
1								1
18								18
2								2
19								19
5								5
33								33
38								38
1								1
8								8
100								100
95								95
66								66
76								76
72								72
5								5
90								90
51								51
103								103
67								67
86								86
100								100
71								71
15								15
74								74
25								25
22								22
3								3
45								45
82								82
35								35
33								33
6								6
23								23
44								44
3								3
53								53
2								2
34								34
65								65
76								76
26								26
14								14
3								3
61								61
82								82
33								33
1								1
77								77
25								25
2								2
19								19
85								85
116								116
55								55
13								13
91								91
51								51
100								100
87								87
22								22
36								36
39								39
66								66
1								1
26								26
9								9
3								3
41								41
9								9
103								103
78								78
92								92
56								56
117								117
67								67
82								82
76								76
119								119
78								78
92								92
5								5
3								3
105								105
61								61
18								18
17								17
35								35
30								30
56								56
100								100
81								81
22								22
28								28
55								55
46								46
26								26
51								51
87								87
67								67
74								74
76								76
23								23
77								77
92								92
50								50
102								102
17								17
29								29
49								49
4								4
33								33
33								33
65								65
5								5
66								66
93								93
10								10
81								81
2								2
29								29
58								58
112								112
73								73
86								86
28								28
71								71
15								15
21								21
58								58
102								102
77								77
38								38
68								68
88								88
35								35
1								1
29								29
17								17
5								5
101								101
114								114
84								84
34								34
1								1
30								30
11								11
5								5
109								109
98								98
20								20
1								1
2								2
55								55
98								98
93								93
30								30
84								84
17								17
33								33
80								80
1								1
5								5
85								85
6								6
52								52
24								24
45								45
3								3
2								2
27								27
117								117
33								33
57								57
1								1
9								9
65								65
65								65
1								1
10								10
3								3
9								9
21								21
1								1
4								4
57								57
115								115
95								95
18								18
44								44
56								56
13								13
94								94
33								33
115								115
83								83
82								82
76								76
88								88
35								35
1								1
34								34
17								17
5								5
29								29
25								25
21								21
66								66
1								1
35								35
9								9
5								5
13								13
73								73
101								101
14								14
30								30
5								5
8								8
13								13
2								2
9								9
9								9
17								17
34								34
1								1
72								72
3								3
57								57
1								1
40								40
111								111
28								28
51								51
118								118
71								71
82								82
44								44
69								69
46								46
90								90
55								55
102								102
93								93
82								82
36								36
34								34
1								1
83								83
38								38
17								17
5								5
29								29
73								73
21								21
66								66
1								1
38								38
9								9
5								5
13								13
9								9
101								101
46								46
31								31
5								5
8								8
25								25
22								22
11								11
9								9
17								17
49								49
1								1
67								67
3								3
13								13
65								65
72								72
37								37
13								13
5								5
8								8
29								29
2								2
9								9
9								9
17								17
34								34
17								17
80								80
3								3
61								61
1								1
40								40
111								111
28								28
51								51
118								118
71								71
82								82
76								76
69								69
47								47
26								26
58								58
98								98
105								105
62								62
20								20
88								88
35								35
1								1
41								41
17								17
7								7
69								69
35								35
6								6
42								42
68								68
1								1
83								83
21								21
9								9
25								25
6								6
34								34
1								1
6								6
100								100
95								95
50								50
100								100
87								87
109								109
25								25
59								59
106								106
95								95
58								58
76								76
33								33
33								33
22								22
42								42
3								3
17								17
37								37
35								35
88								88
77								77
93								93
49								49
117								117
95								95
74								74
68								68
113								113
97								97
22								22
1								1
2								2
2								2
19								19
5								5
1								1
44								44
1								1
5								5
100								100
67								67
58								58
44								44
21								21
47								47
94								94
49								49
109								109
41								41
9								9
73								73
70								70
12								12
5								5
2								2
8								8
53								53
38								38
17								17
49								49
12								12
3								3
2								2
8								8
5								5
62								62
124								124
71								71
46								46
90								90
49								49
111								111
17								17
29								29
97								97
101								101
43								43
33								33
65								65
65								65
2								2
33								33
67								67
113								113
65								65
24								24
1								1
2								2
2								2
19								19
5								5
115								115
44								44
1								1
5								5
105								105
67								67
78								78
68								68
55								55
105								105
28								28
51								51
102								102
41								41
5								5
17								17
5								5
98								98
66								66
49								49
1								1
3								3
3								3
37								37
9								9
69								69
89								89
1								1
9								9
105								105
62								62
28								28
70								70
79								79
93								93
53								53
111								111
79								79
82								82
9								9
1								1
8								8
67								67
4								4
101								101
1								1
5								5
5								5
73								73
17								17
73								73
51								51
2								2
13								13
21								21
12								12
88								88
47								47
25								25
55								55
116								116
41								41
9								9
73								73
102								102
13								13
67								67
4								4
77								77
71								71
6								6
5								5
9								9
25								25
1								1
37								37
8								8
15								15
33								33
20								20
17								17
17								17
33								33
69								69
1								1
83								83
6								6
65								65
81								81
42								42
31								31
42								42
102								102
71								71
62								62
20								20
72								72
13								13
5								5
2								2
35								35
85								85
26								26
57								57
17								17
65								65
65								65
65								65
1								1
18								18
3								3
89								89
55								55
99								99
1								1
54								54
109								109
31								31
65								65
33								33
81								81
14								14
93								93
11								11
34								34
27								27
5								5
113								113
39								39
66								66
65								65
56								56
9								9
3								3
29								29
17								17
88								88
79								79
28								28
59								59
106								106
91								91
22								22
76								76
33								33
33								33
29								29
56								56
3								3
35								35
5								5
19								19
55								55
15								15
30								30
58								58
98								98
71								71
82								82
52								52
85								85
79								79
92								92
50								50
117								117
83								83
62								62
116								116
23								23
7								7
67								67
3								3
32								32
85								85
18								18
5								5
49								49
15								15
70								70
1								1
106								106
17								17
29								29
9								9
39								39
46								46
33								33
65								65
5								5
70								70
9								9
68								68
113								113
65								65
30								30
54								54
2								2
2								2
19								19
5								5
117								117
47								47
65								65
3								3
98								98
97								97
66								66
							      >	100
							      >	23
							      >	16
