6								6
1								1
5								5
13								13
99								99
1								1
66								66
1								1
3								3
1								1
22								22
17								17
1								1
34								34
84								84
61								61
83								83
75								75
14								14
124								124
39								39
15								15
26								26
6								6
2								2
7								7
5								5
49								49
81								81
110								110
28								28
51								51
102								102
89								89
78								78
28								28
1								1
97								97
5								5
3								3
1								1
13								13
49								49
121								121
1								1
67								67
65								65
4								4
11								11
27								27
5								5
65								65
33								33
34								34
65								65
5								5
2								2
11								11
77								77
28								28
23								23
13								13
92								92
49								49
10								10
5								5
45								45
65								65
33								33
65								65
66								66
33								33
111								111
115								115
74								74
43								43
103								103
13								13
5								5
2								2
8								8
27								27
37								37
17								17
97								97
2								2
3								3
2								2
8								8
33								33
74								74
124								124
71								71
45								45
94								94
50								50
117								117
33								33
9								9
57								57
1								1
35								35
3								3
2								2
18								18
17								17
9								9
97								97
49								49
43								43
26								26
58								58
106								106
67								67
50								50
76								76
39								39
48								48
25								25
50								50
109								109
75								75
34								34
65								65
49								49
3								3
1								1
66								66
75								75
2								2
19								19
5								5
65								65
35								35
65								65
1								1
121								121
43								43
5								5
41								41
2								2
67								67
1								1
12								12
26								26
29								29
9								9
57								57
113								113
35								35
3								3
2								2
25								25
17								17
5								5
49								49
1								1
75								75
93								93
51								51
101								101
75								75
26								26
76								76
33								33
65								65
71								71
14								14
3								3
13								13
77								77
35								35
40								40
47								47
27								27
56								56
104								104
21								21
9								9
65								65
2								2
2								2
3								3
5								5
30								30
1								1
9								9
69								69
9								9
21								21
33								33
3								3
22								22
3								3
9								9
65								65
8								8
5								5
3								3
5								5
32								32
1								1
9								9
85								85
13								13
17								17
34								34
1								1
33								33
3								3
5								5
73								73
88								88
35								35
65								65
17								17
17								17
5								5
29								29
17								17
19								19
66								66
65								65
18								18
9								9
5								5
13								13
73								73
101								101
14								14
30								30
5								5
9								9
75								75
1								1
17								17
9								9
18								18
41								41
65								65
5								5
67								67
5								5
17								17
17								17
16								16
9								9
5								5
9								9
79								79
1								1
17								17
41								41
26								26
33								33
67								67
1								1
81								81
5								5
9								9
33								33
48								48
70								70
1								1
42								42
33								33
9								9
57								57
33								33
38								38
3								3
2								2
44								44
17								17
9								9
57								57
33								33
105								105
92								92
56								56
109								109
75								75
6								6
116								116
7								7
2								2
67								67
23								23
1								1
5								5
35								35
5								5
11								11
17								17
66								66
21								21
2								2
5								5
105								105
4								4
3								3
34								34
66								66
24								24
1								1
9								9
3								3
1								1
20								20
65								65
2								2
31								31
106								106
93								93
38								38
36								36
104								104
8								8
6								6
3								3
50								50
103								103
81								81
42								42
4								4
67								67
1								1
26								26
1								1
27								27
5								5
17								17
1								1
34								34
66								66
10								10
47								47
1								1
4								4
41								41
2								2
34								34
66								66
16								16
47								47
1								1
4								4
9								9
3								3
34								34
66								66
20								20
47								47
1								1
4								4
73								73
3								3
98								98
66								66
28								28
1								1
3								3
3								3
37								37
9								9
1								1
79								79
1								1
5								5
71								71
62								62
4								4
24								24
16								16
6								6
3								3
50								50
115								115
105								105
90								90
4								4
98								98
66								66
10								10
55								55
33								33
3								3
5								5
13								13
33								33
6								6
5								5
8								8
63								63
89								89
2								2
10								10
17								17
49								49
1								1
34								34
17								17
29								29
57								57
99								99
7								7
37								37
65								65
65								65
2								2
37								37
66								66
113								113
33								33
16								16
1								1
18								18
2								2
19								19
5								5
97								97
40								40
1								1
8								8
100								100
95								95
66								66
76								76
72								72
5								5
90								90
51								51
103								103
67								67
86								86
100								100
71								71
15								15
74								74
25								25
22								22
3								3
125								125
82								82
35								35
33								33
6								6
33								33
44								44
3								3
5								5
3								3
34								34
65								65
81								81
36								36
14								14
3								3
13								13
83								83
33								33
1								1
82								82
35								35
2								2
19								19
85								85
116								116
55								55
13								13
91								91
51								51
100								100
87								87
22								22
36								36
39								39
66								66
1								1
36								36
9								9
3								3
41								41
9								9
103								103
78								78
92								92
56								56
117								117
67								67
82								82
76								76
119								119
78								78
92								92
5								5
3								3
17								17
14								14
19								19
17								17
35								35
30								30
56								56
100								100
81								81
22								22
28								28
55								55
46								46
26								26
51								51
87								87
67								67
74								74
76								76
23								23
77								77
92								92
50								50
102								102
17								17
29								29
81								81
5								5
33								33
37								37
65								65
5								5
2								2
45								45
11								11
97								97
98								98
89								89
56								56
113								113
115								115
18								18
34								34
87								87
77								77
90								90
49								49
118								118
89								89
82								82
36								36
35								35
39								39
70								70
1								1
77								77
85								85
9								9
9								9
3								3
9								9
67								67
4								4
79								79
1								1
69								69
5								5
73								73
17								17
65								65
40								40
2								2
29								29
13								13
124								124
7								7
47								47
31								31
19								19
101								101
75								75
26								26
12								12
87								87
15								15
28								28
59								59
37								37
103								103
85								85
9								9
1								1
75								75
11								11
2								2
42								42
1								1
34								34
57								57
33								33
11								11
65								65
65								65
1								1
10								10
3								3
26								26
22								22
33								33
4								4
57								57
115								115
95								95
18								18
44								44
56								56
13								13
30								30
41								41
115								115
75								75
26								26
76								76
7								7
48								48
70								70
1								1
85								85
33								33
9								9
41								41
38								38
44								44
68								68
1								1
87								87
21								21
9								9
57								57
6								6
44								44
1								1
3								3
109								109
67								67
58								58
60								60
39								39
34								34
65								65
45								45
2								2
9								9
41								41
12								12
103								103
47								47
89								89
5								5
3								3
53								53
89								89
67								67
113								113
1								1
24								24
1								1
2								2
2								2
19								19
5								5
1								1
37								37
1								1
7								7
113								113
101								101
62								62
36								36
87								87
111								111
25								25
59								59
66								66
101								101
38								38
36								36
24								24
16								16
67								67
4								4
95								95
1								1
5								5
5								5
73								73
17								17
65								65
48								48
2								2
29								29
65								65
20								20
120								120
14								14
90								90
59								59
100								100
105								105
22								22
99								99
87								87
45								45
92								92
51								51
111								111
105								105
82								82
17								17
1								1
109								109
25								25
9								9
3								3
15								15
5								5
76								76
33								33
65								65
25								25
5								5
3								3
7								7
5								5
115								115
23								23
16								16
67								67
4								4
101								101
59								59
6								6
5								5
9								9
25								25
65								65
17								17
2								2
7								7
97								97
36								36
19								19
7								7
67								67
4								4
103								103
1								1
5								5
5								5
73								73
17								17
73								73
52								52
2								2
31								31
65								65
20								20
120								120
14								14
90								90
59								59
100								100
105								105
38								38
35								35
88								88
77								77
93								93
49								49
117								117
95								95
74								74
44								44
18								18
1								1
27								27
9								9
4								4
83								83
50								50
4								4
87								87
34								34
1								1
54								54
11								11
5								5
45								45
68								68
17								17
65								65
67								67
50								50
112								112
89								89
50								50
44								44
55								55
13								13
94								94
53								53
112								112
93								93
38								38
17								17
81								81
78								78
27								27
2								2
9								9
19								19
82								82
44								44
39								39
47								47
25								25
59								59
112								112
101								101
34								34
57								57
113								113
14								14
65								65
65								65
1								1
10								10
3								3
1								1
24								24
1								1
67								67
50								50
98								98
93								93
22								22
11								11
88								88
47								47
25								25
55								55
21								21
5								5
37								37
10								10
8								8
98								98
2								2
51								51
111								111
3								3
3								3
5								5
13								13
1								1
25								25
5								5
8								8
103								103
2								2
9								9
9								9
17								17
34								34
17								17
117								117
3								3
33								33
65								65
23								23
109								109
29								29
53								53
68								68
95								95
18								18
44								44
71								71
35								35
65								65
17								17
9								9
15								15
89								89
4								4
17								17
17								17
33								33
67								67
33								33
111								111
6								6
65								65
65								65
111								111
92								92
42								42
117								117
101								101
38								38
116								116
119								119
13								13
70								70
1								1
85								85
17								17
29								29
73								73
8								8
33								33
33								33
65								65
5								5
66								66
105								105
12								12
97								97
33								33
90								90
57								57
118								118
67								67
50								50
28								28
72								72
67								67
65								65
21								21
124								124
17								17
29								29
33								33
7								7
48								48
33								33
65								65
65								65
2								2
1								1
60								60
113								113
33								33
32								32
2								2
2								2
2								2
35								35
5								5
97								97
48								48
1								1
5								5
78								78
115								115
74								74
43								43
55								55
109								109
28								28
58								58
101								101
33								33
9								9
17								17
116								116
80								80
2								2
5								5
2								2
5								5
5								5
5								5
9								9
18								18
65								65
65								65
1								1
39								39
17								17
121								121
24								24
49								49
65								65
8								8
17								17
17								17
5								5
21								21
17								17
49								49
66								66
11								11
34								34
83								83
69								69
106								106
33								33
33								33
97								97
2								2
11								11
7								7
5								5
37								37
1								1
34								34
65								65
4								4
115								115
107								107
58								58
36								36
24								24
46								46
92								92
51								51
10								10
9								9
5								5
53								53
17								17
113								113
1								1
2								2
18								18
3								3
10								10
28								28
72								72
79								79
93								93
49								49
100								100
105								105
26								26
43								43
104								104
110								110
25								25
59								59
106								106
95								95
58								58
28								28
4								4
66								66
66								66
24								24
-17							      |	0
-65							      <
-67							      <
-17							      <
-65							      <
-67							      <
9								9
3								3
9								9
9								9
2								2
70								70
1								1
127								127
17								17
29								29
49								49
120								120
48								48
33								33
65								65
5								5
70								70
93								93
68								68
17								17
34								34
97								97
6								6
-17							      |	0
-65							      <
-67							      <
-17							      <
-65							      <
-67							      <
3								3
3								3
37								37
9								9
41								41
33								33
7								7
2								2
11								11
5								5
4								4
8								8
15								15
92								92
61								61
21								21
15								15
69								69
10								10
89								89
34								34
33								33
8								8
2								2
32								32
33								33
49								49
49								49
35								35
33								33
6								6
65								65
2								2
85								85
65								65
97								97
97								97
72								72
65								65
11								11
1								1
